0,512
0,472
0,273
0,270
142,4
142,3
142,2
142,1
142,0
141,3
141,2
141,1
141,0
140,4
140,3
140,2
140,1
140,0
3,2
3,1
3,3
10,225
10,203
10,64
129,4
10,308
129,3
129,2
129,1
129,0
10,230
128,4
128,3
128,2
128,1
128,0
125,4
125,3
125,2
125,1
125,0
121,4
121,3
121,2
121,1
121,0
120,4
120,3
120,2
120,1
120,0
10,154
10,292
10,288
11,10
11,11
11,8
11,2
11,3
118,4
118,3
118,2
118,1
118,0
117,4
117,3
117,2
117,1
117,0
9,2
115,3
115,2
115,1
115,0
113,3
113,2
113,1
113,0
111,3
111,2
111,1
111,0
110,5
110,4
110,3
110,2
110,1
110,0
107,6
107,5
8,13
8,14
8,7
8,8
8,2
107,4
107,3
107,2
107,1
107,0
105,6
105,5
105,1
93,3
93,1
11,30
11,29
11,28
11,27
11,26
11,25
11,24
11,23
11,22
11,21
12,2
12,1
12,3
11,20
11,19
11,18
11,17
11,16
20,2
20,1
